825.2
Choromosome Number = 100
Iterative Number = 10000
Machine1: 012(112) 004(150) 071(120) 014(130) 015(80) 068(38.8) 005(45.2) 025(62) 095(84) 	Makespan: 822
Machine2: 084(32.4) 036(110) 032(32.4) 029(90) 060(61.6) 088(60.4) 033(73.6) 062(90) 057(49.2) 043(60.8) 051(80) 077(80) 	Makespan: 820.4
Machine3: 049(38.4) 074(130) 038(134.8) 024(100) 100(22) 037(100) 019(100) 027(100) 047(100) 	Makespan: 825.2
Machine4: 092(100) 010(54) 035(90) 070(28) 061(61.2) 069(100) 011(53.2) 064(100) 053(15.6) 034(46.8) 096(28) 009(94) 083(43.2) 	Makespan: 814
Machine5: 008(110) 072(140) 085(100) 031(90) 063(96) 054(66) 040(16) 079(60.4) 086(140) 	Makespan: 818.4
Machine6: 055(100) 066(26) 042(100) 030(4) 076(100) 090(110) 073(58) 026(90) 052(130) 065(100) 	Makespan: 818
Machine7: 002(150) 081(150) 075(127.6) 046(16.4) 067(38) 050(90) 045(35.6) 028(43.2) 078(100) 098(67.2) 	Makespan: 818
Machine8: 017(100) 059(103.6) 058(96.4) 001(58) 022(116.4) 080(56.8) 044(78) 094(148) 016(67.2) 	Makespan: 824.4
Machine9: 093(110) 018(140) 007(100) 041(40) 089(96) 087(102) 099(58) 003(142) 023(33.6) 	Makespan: 821.6
Machine10: 006(130) 082(88) 021(48) 091(100) 013(26) 097(57.2) 020(8.8) 039(120) 048(130) 056(110) 	Makespan: 818
Choromosome: 0.805908 0.510193 0.652771 0.0664368 0.133972 0.982697 0.719635 0.468079 0.442261 0.424805 0.32843 0.284546 0.91156 0.0673828 0.0872803 0.673126 0.703888 0.839752 0.324188 0.811127 0.890106 0.67511 0.676636 0.374359 0.0844727 0.488617 0.415283 0.566162 0.242981 0.796021 0.65271 0.154755 0.404449 0.439575 0.568726 0.0135498 0.137451 0.307587 0.873505 0.21347 0.668671 0.462128 0.258026 0.799316 0.7229 0.586731 0.135681 0.822998 0.377747 0.577209 0.327026 0.407349 0.230438 0.83197 0.402496 0.830566 0.0647278 0.8909 0.541382 0.266876 0.257019 0.115417 0.666931 0.104889 0.653412 0.476807 0.505859 0.0205078 0.406921 0.37323 0.0869141 0.566132 0.124664 0.310791 0.578003 0.514557 0.282562 0.69101 0.455444 0.771484 0.700562 0.886658 0.474091 0.00747681 0.542847 0.475433 0.949463 0.194153 0.864166 0.360168 0.830536 0.222717 0.874634 0.883179 0.0618591 0.565613 0.904877 0.665741 0.840363 0.397583 0.678284 0.995728 0.424866 0.888031 0.199493 0.896545 0.667389 0.903412 0.125366 0.763092 0.347595 0.928955 0.765228 0.639923 0.573914 0.334869 0.988556 0.667694 0.161102 0.423065 0.824707 0.649811 0.250336 0.257446 0.0397034 0.071167 0.135071 0.217499 0.824554 0.433899 0.542389 0.899567 0.569092 0.132629 0.762024 0.927124 0.192047 0.279907 0.404907 0.291016 0.590942 0.596832 0.132843 0.475494 0.374847 0.867279 0.0181885 0.321106 0.602661 0.475403 0.0917664 0.042511 0.251953 0.33905 0.832825 0.0982361 0.332947 0.856689 0.887512 0.689941 0.373535 0.500061 0.537567 0.290527 0.0338745 0.613068 0.830017 0.367035 0.3638 0.653259 0.659821 0.746277 0.266754 0.480408 0.931854 0.41748 0.0719604 0.172272 0.217743 0.570129 0.978241 0.861145 0.0888367 0.994049 0.742798 0.107849 0.451508 0.62265 0.508484 0.298859 0.824219 0.87442 0.89267 0.356323 0.032135 0.12619 0.449402 0.153107 0.447083 0.21283 